2013	03	17	00	00	00	222	-124	98
2013	03	17	00	01	00	228	-112	117
2013	03	17	00	02	00	231	-112	119
2013	03	17	00	03	00	233	-126	107
2013	03	17	00	04	00	292	-200	92
2013	03	17	00	05	00	330	-246	84
2013	03	17	00	06	00	297	-220	77
2013	03	17	00	07	00	254	-172	82
2013	03	17	00	08	00	269	-173	96
2013	03	17	00	09	00	317	-210	107
2013	03	17	00	10	00	289	-181	109
2013	03	17	00	11	00	292	-184	108
2013	03	17	00	12	00	293	-185	108
2013	03	17	00	13	00	292	-182	109
2013	03	17	00	14	00	296	-186	110
2013	03	17	00	15	00	292	-182	110
2013	03	17	00	16	00	294	-184	110
2013	03	17	00	17	00	284	-175	109
2013	03	17	00	18	00	277	-169	108
2013	03	17	00	19	00	272	-167	105
2013	03	17	00	20	00	281	-175	105
2013	03	17	00	21	00	282	-178	104
2013	03	17	00	22	00	284	-182	102
2013	03	17	00	23	00	284	-182	102
2013	03	17	00	24	00	281	-182	99
2013	03	17	00	25	00	283	-187	96
2013	03	17	00	26	00	285	-190	95
2013	03	17	00	27	00	284	-188	96
2013	03	17	00	28	00	281	-183	98
2013	03	17	00	29	00	278	-174	105
2013	03	17	00	30	00	269	-164	104
2013	03	17	00	31	00	258	-161	97
2013	03	17	00	32	00	259	-167	92
2013	03	17	00	33	00	259	-171	87
2013	03	17	00	34	00	246	-164	82
2013	03	17	00	35	00	234	-157	77
2013	03	17	00	36	00	230	-155	75
2013	03	17	00	37	00	267	-193	74
2013	03	17	00	38	00	275	-205	70
2013	03	17	00	39	00	266	-197	68
2013	03	17	00	40	00	232	-162	70
2013	03	17	00	41	00	245	-173	72
2013	03	17	00	42	00	239	-167	72
2013	03	17	00	43	00	220	-151	69
2013	03	17	00	44	00	201	-128	73
2013	03	17	00	45	00	193	-125	68
2013	03	17	00	46	00	184	-127	57
2013	03	17	00	47	00	250	-191	59
2013	03	17	00	48	00	271	-211	61
2013	03	17	00	49	00	256	-176	81
2013	03	17	00	50	00	207	-148	59
2013	03	17	00	51	00	251	-196	55
2013	03	17	00	52	00	251	-197	54
2013	03	17	00	53	00	256	-196	60
2013	03	17	00	54	00	190	-125	65
2013	03	17	00	55	00	228	-153	75
2013	03	17	00	56	00	201	-126	75
2013	03	17	00	57	00	191	-126	65
2013	03	17	00	58	00	192	-134	59
2013	03	17	00	59	00	206	-153	53
2013	03	17	01	00	00	215	-162	52
2013	03	17	01	01	00	183	-128	55
2013	03	17	01	02	00	201	-141	60
2013	03	17	01	03	00	214	-148	67
2013	03	17	01	04	00	213	-146	67
2013	03	17	01	05	00	214	-148	66
2013	03	17	01	06	00	210	-144	66
2013	03	17	01	07	00	207	-141	66
2013	03	17	01	08	00	236	-143	93
2013	03	17	01	09	00	236	-145	91
2013	03	17	01	10	00	208	-144	64
2013	03	17	01	11	00	202	-140	62
2013	03	17	01	12	00	200	-138	62
2013	03	17	01	13	00	201	-138	63
2013	03	17	01	14	00	208	-147	61
2013	03	17	01	15	00	220	-161	59
2013	03	17	01	16	00	233	-170	63
2013	03	17	01	17	00	241	-178	63
2013	03	17	01	18	00	232	-173	58
2013	03	17	01	19	00	241	-180	61
2013	03	17	01	20	00	232	-176	56
2013	03	17	01	21	00	233	-180	53
2013	03	17	01	22	00	228	-177	52
2013	03	17	01	23	00	222	-168	53
2013	03	17	01	24	00	229	-164	65
2013	03	17	01	25	00	209	-161	48
2013	03	17	01	26	00	215	-168	46
2013	03	17	01	27	00	214	-157	57
2013	03	17	01	28	00	214	-152	62
2013	03	17	01	29	00	215	-154	61
2013	03	17	01	30	00	233	-171	62
2013	03	17	01	31	00	226	-168	58
2013	03	17	01	32	00	218	-163	55
2013	03	17	01	33	00	228	-173	55
2013	03	17	01	34	00	224	-171	53
2013	03	17	01	35	00	212	-158	54
2013	03	17	01	36	00	220	-165	56
2013	03	17	01	37	00	224	-169	55
2013	03	17	01	38	00	218	-166	52
2013	03	17	01	39	00	215	-166	49
2013	03	17	01	40	00	207	-162	44
2013	03	17	01	41	00	190	-150	40
2013	03	17	01	42	00	185	-145	40
2013	03	17	01	43	00	186	-127	59
2013	03	17	01	44	00	182	-113	69
2013	03	17	01	45	00	146	-103	42
2013	03	17	01	46	00	158	-99	59
2013	03	17	01	47	00	152	-87	65
2013	03	17	01	48	00	155	-95	61
2013	03	17	01	49	00	161	-104	58
2013	03	17	01	50	00	152	-100	52
2013	03	17	01	51	00	143	-87	56
2013	03	17	01	52	00	128	-70	58
2013	03	17	01	53	00	124	-63	61
2013	03	17	01	54	00	144	-89	55
2013	03	17	01	55	00	141	-89	52
2013	03	17	01	56	00	124	-75	50
2013	03	17	01	57	00	124	-68	56
2013	03	17	01	58	00	109	-56	53
2013	03	17	01	59	00	105	-52	53
2013	03	17	02	00	00	104	-50	54
2013	03	17	02	01	00	107	-51	56
2013	03	17	02	02	00	100	-41	59
2013	03	17	02	03	00	103	-43	60
2013	03	17	02	04	00	94	-34	60
2013	03	17	02	05	00	96	-36	60
2013	03	17	02	06	00	104	-44	59
2013	03	17	02	07	00	99	-35	64
2013	03	17	02	08	00	107	-39	68
2013	03	17	02	09	00	124	-52	72
2013	03	17	02	10	00	141	-69	72
2013	03	17	02	11	00	133	-58	76
2013	03	17	02	12	00	126	-44	83
2013	03	17	02	13	00	116	-36	80
2013	03	17	02	14	00	136	-57	79
2013	03	17	02	15	00	122	-44	78
2013	03	17	02	16	00	111	-35	76
2013	03	17	02	17	00	108	-34	73
2013	03	17	02	18	00	103	-35	67
2013	03	17	02	19	00	96	-32	65
2013	03	17	02	20	00	94	-32	63
2013	03	17	02	21	00	90	-32	59
2013	03	17	02	22	00	87	-31	55
2013	03	17	02	23	00	83	-31	52
2013	03	17	02	24	00	83	-31	52
2013	03	17	02	25	00	85	-31	54
2013	03	17	02	26	00	87	-30	57
2013	03	17	02	27	00	88	-30	58
2013	03	17	02	28	00	92	-31	61
2013	03	17	02	29	00	101	-31	69
2013	03	17	02	30	00	109	-31	78
2013	03	17	02	31	00	112	-32	80
2013	03	17	02	32	00	110	-32	79
2013	03	17	02	33	00	106	-32	75
2013	03	17	02	34	00	106	-32	74
2013	03	17	02	35	00	103	-31	72
2013	03	17	02	36	00	100	-31	69
2013	03	17	02	37	00	96	-31	65
2013	03	17	02	38	00	95	-31	64
2013	03	17	02	39	00	95	-30	65
2013	03	17	02	40	00	95	-31	64
2013	03	17	02	41	00	95	-31	64
2013	03	17	02	42	00	97	-32	66
2013	03	17	02	43	00	100	-32	68
2013	03	17	02	44	00	99	-32	67
2013	03	17	02	45	00	97	-32	65
2013	03	17	02	46	00	94	-32	62
2013	03	17	02	47	00	91	-32	59
2013	03	17	02	48	00	89	-32	57
2013	03	17	02	49	00	89	-32	58
2013	03	17	02	50	00	90	-31	59
2013	03	17	02	51	00	92	-31	60
2013	03	17	02	52	00	94	-31	63
2013	03	17	02	53	00	97	-33	64
2013	03	17	02	54	00	100	-35	65
2013	03	17	02	55	00	101	-36	66
2013	03	17	02	56	00	101	-35	66
2013	03	17	02	57	00	100	-33	66
2013	03	17	02	58	00	99	-32	67
2013	03	17	02	59	00	95	-29	66
2013	03	17	03	00	00	94	-29	65
2013	03	17	03	01	00	92	-29	63
2013	03	17	03	02	00	92	-29	64
2013	03	17	03	03	00	92	-29	63
2013	03	17	03	04	00	91	-29	63
2013	03	17	03	05	00	90	-29	61
2013	03	17	03	06	00	87	-28	59
2013	03	17	03	07	00	87	-28	59
2013	03	17	03	08	00	86	-28	58
2013	03	17	03	09	00	86	-29	57
2013	03	17	03	10	00	86	-29	57
2013	03	17	03	11	00	86	-29	57
2013	03	17	03	12	00	85	-29	56
2013	03	17	03	13	00	83	-29	54
2013	03	17	03	14	00	82	-29	53
2013	03	17	03	15	00	82	-30	53
2013	03	17	03	16	00	80	-30	51
2013	03	17	03	17	00	80	-30	50
2013	03	17	03	18	00	81	-30	51
2013	03	17	03	19	00	81	-30	51
2013	03	17	03	20	00	78	-30	47
2013	03	17	03	21	00	73	-30	43
2013	03	17	03	22	00	73	-30	43
2013	03	17	03	23	00	82	-39	43
2013	03	17	03	24	00	91	-47	44
2013	03	17	03	25	00	86	-39	46
2013	03	17	03	26	00	78	-29	49
2013	03	17	03	27	00	86	-29	58
2013	03	17	03	28	00	78	-29	50
2013	03	17	03	29	00	79	-29	51
2013	03	17	03	30	00	81	-29	52
2013	03	17	03	31	00	80	-29	52
2013	03	17	03	32	00	81	-29	52
2013	03	17	03	33	00	81	-29	52
2013	03	17	03	34	00	80	-29	52
2013	03	17	03	35	00	81	-28	53
2013	03	17	03	36	00	81	-29	53
2013	03	17	03	37	00	80	-29	52
2013	03	17	03	38	00	84	-33	51
2013	03	17	03	39	00	81	-29	52
2013	03	17	03	40	00	88	-33	55
2013	03	17	03	41	00	94	-35	59
2013	03	17	03	42	00	94	-34	60
2013	03	17	03	43	00	88	-29	59
2013	03	17	03	44	00	85	-29	57
2013	03	17	03	45	00	84	-28	56
2013	03	17	03	46	00	84	-28	56
2013	03	17	03	47	00	86	-28	57
2013	03	17	03	48	00	87	-28	58
2013	03	17	03	49	00	87	-28	58
2013	03	17	03	50	00	86	-29	58
2013	03	17	03	51	00	86	-29	57
2013	03	17	03	52	00	86	-29	57
2013	03	17	03	53	00	86	-29	57
2013	03	17	03	54	00	86	-30	57
2013	03	17	03	55	00	91	-35	55
2013	03	17	03	56	00	85	-31	54
2013	03	17	03	57	00	81	-30	51
2013	03	17	03	58	00	80	-30	50
2013	03	17	03	59	00	79	-30	49
2013	03	17	04	00	00	77	-30	47
2013	03	17	04	01	00	78	-30	48
2013	03	17	04	02	00	78	-29	49
2013	03	17	04	03	00	82	-32	50
2013	03	17	04	04	00	84	-33	51
2013	03	17	04	05	00	83	-31	52
2013	03	17	04	06	00	82	-31	51
2013	03	17	04	07	00	80	-29	50
2013	03	17	04	08	00	79	-29	50
2013	03	17	04	09	00	79	-29	50
2013	03	17	04	10	00	79	-29	50
2013	03	17	04	11	00	80	-29	50
2013	03	17	04	12	00	83	-33	50
2013	03	17	04	13	00	83	-34	49
2013	03	17	04	14	00	80	-32	48
2013	03	17	04	15	00	77	-30	48
2013	03	17	04	16	00	76	-28	48
2013	03	17	04	17	00	77	-28	49
2013	03	17	04	18	00	77	-27	50
2013	03	17	04	19	00	76	-27	49
2013	03	17	04	20	00	76	-27	49
2013	03	17	04	21	00	79	-27	51
2013	03	17	04	22	00	80	-28	52
2013	03	17	04	23	00	77	-28	49
2013	03	17	04	24	00	77	-28	49
2013	03	17	04	25	00	78	-28	50
2013	03	17	04	26	00	78	-28	50
2013	03	17	04	27	00	76	-28	47
2013	03	17	04	28	00	76	-29	47
2013	03	17	04	29	00	76	-29	48
2013	03	17	04	30	00	76	-29	48
2013	03	17	04	31	00	76	-28	48
2013	03	17	04	32	00	76	-28	47
2013	03	17	04	33	00	75	-28	46
2013	03	17	04	34	00	76	-28	48
2013	03	17	04	35	00	82	-28	54
2013	03	17	04	36	00	86	-28	58
2013	03	17	04	37	00	85	-27	58
2013	03	17	04	38	00	83	-28	55
2013	03	17	04	39	00	82	-28	54
2013	03	17	04	40	00	82	-28	54
2013	03	17	04	41	00	85	-29	56
2013	03	17	04	42	00	112	-60	52
2013	03	17	04	43	00	101	-57	45
2013	03	17	04	44	00	91	-44	47
2013	03	17	04	45	00	101	-50	51
2013	03	17	04	46	00	100	-48	52
2013	03	17	04	47	00	91	-42	50
2013	03	17	04	48	00	81	-31	50
2013	03	17	04	49	00	77	-28	50
2013	03	17	04	50	00	79	-27	51
2013	03	17	04	51	00	78	-27	51
2013	03	17	04	52	00	79	-26	53
2013	03	17	04	53	00	82	-26	55
2013	03	17	04	54	00	86	-26	60
2013	03	17	04	55	00	89	-26	63
2013	03	17	04	56	00	90	-26	64
2013	03	17	04	57	00	90	-26	64
2013	03	17	04	58	00	89	-26	64
2013	03	17	04	59	00	88	-26	62
2013	03	17	05	00	00	101	-26	75
2013	03	17	05	01	00	104	-25	79
2013	03	17	05	02	00	106	-25	81
2013	03	17	05	03	00	103	-25	78
2013	03	17	05	04	00	101	-28	73
2013	03	17	05	05	00	108	-35	72
2013	03	17	05	06	00	105	-32	73
2013	03	17	05	07	00	95	-26	69
2013	03	17	05	08	00	94	-25	68
2013	03	17	05	09	00	99	-25	74
2013	03	17	05	10	00	110	-25	86
2013	03	17	05	11	00	118	-25	93
2013	03	17	05	12	00	123	-25	97
2013	03	17	05	13	00	122	-25	97
2013	03	17	05	14	00	122	-25	97
2013	03	17	05	15	00	120	-25	95
2013	03	17	05	16	00	117	-25	92
2013	03	17	05	17	00	115	-25	90
2013	03	17	05	18	00	122	-24	98
2013	03	17	05	19	00	188	-76	112
2013	03	17	05	20	00	178	-59	119
2013	03	17	05	21	00	205	-79	126
2013	03	17	05	22	00	225	-104	121
2013	03	17	05	23	00	196	-78	117
2013	03	17	05	24	00	198	-83	115
2013	03	17	05	25	00	198	-82	116
2013	03	17	05	26	00	170	-60	110
2013	03	17	05	27	00	178	-69	110
2013	03	17	05	28	00	185	-68	118
2013	03	17	05	29	00	200	-84	115
2013	03	17	05	30	00	200	-87	114
2013	03	17	05	31	00	184	-71	113
2013	03	17	05	32	00	164	-57	107
2013	03	17	05	33	00	157	-49	108
2013	03	17	05	34	00	148	-49	99
2013	03	17	05	35	00	136	-48	87
2013	03	17	05	36	00	122	-44	78
2013	03	17	05	37	00	114	-40	74
2013	03	17	05	38	00	113	-38	74
2013	03	17	05	39	00	112	-37	75
2013	03	17	05	40	00	110	-34	75
2013	03	17	05	41	00	108	-35	73
2013	03	17	05	42	00	102	-37	65
2013	03	17	05	43	00	97	-36	61
2013	03	17	05	44	00	101	-39	62
2013	03	17	05	45	00	99	-39	59
2013	03	17	05	46	00	94	-38	56
2013	03	17	05	47	00	90	-35	54
2013	03	17	05	48	00	95	-38	57
2013	03	17	05	49	00	102	-40	61
2013	03	17	05	50	00	112	-42	70
2013	03	17	05	51	00	130	-54	76
2013	03	17	05	52	00	139	-61	79
2013	03	17	05	53	00	137	-62	74
2013	03	17	05	54	00	137	-68	69
2013	03	17	05	55	00	125	-71	53
2013	03	17	05	56	00	115	-75	40
2013	03	17	05	57	00	147	-88	60
2013	03	17	05	58	00	171	-97	74
2013	03	17	05	59	00	184	-96	88
2013	03	17	06	00	00	198	-103	95
2013	03	17	06	01	00	236	-131	105
2013	03	17	06	02	00	451	-345	106
2013	03	17	06	03	00	730	-450	280
2013	03	17	06	04	00	832	-525	307
2013	03	17	06	05	00	832	-525	307
2013	03	17	06	06	00	823	-512	312
2013	03	17	06	07	00	786	-503	283
2013	03	17	06	08	00	823	-556	268
2013	03	17	06	09	00	896	-562	334
2013	03	17	06	10	00	939	-571	368
2013	03	17	06	11	00	953	-567	386
2013	03	17	06	12	00	996	-615	381
2013	03	17	06	13	00	901	-565	336
2013	03	17	06	14	00	849	-552	298
2013	03	17	06	15	00	805	-519	286
2013	03	17	06	16	00	733	-440	293
2013	03	17	06	17	00	758	-475	283
2013	03	17	06	18	00	704	-470	234
2013	03	17	06	19	00	997	-762	235
2013	03	17	06	20	00	1048	-825	223
2013	03	17	06	21	00	1211	-958	253
2013	03	17	06	22	00	1189	-919	270
2013	03	17	06	23	00	1086	-771	316
2013	03	17	06	24	00	1012	-774	238
2013	03	17	06	25	00	858	-645	213
2013	03	17	06	26	00	754	-570	184
2013	03	17	06	27	00	643	-497	146
2013	03	17	06	28	00	688	-442	246
2013	03	17	06	29	00	711	-419	292
2013	03	17	06	30	00	640	-449	191
2013	03	17	06	31	00	595	-393	201
2013	03	17	06	32	00	645	-397	247
2013	03	17	06	33	00	663	-428	235
2013	03	17	06	34	00	661	-468	194
2013	03	17	06	35	00	704	-513	191
2013	03	17	06	36	00	855	-619	237
2013	03	17	06	37	00	949	-717	232
2013	03	17	06	38	00	975	-755	220
2013	03	17	06	39	00	979	-792	188
2013	03	17	06	40	00	1076	-847	229
2013	03	17	06	41	00	1201	-938	263
2013	03	17	06	42	00	1214	-1000	213
2013	03	17	06	43	00	1259	-1061	198
2013	03	17	06	44	00	1300	-1083	217
2013	03	17	06	45	00	1311	-1101	209
2013	03	17	06	46	00	1307	-1096	211
2013	03	17	06	47	00	1258	-1100	158
2013	03	17	06	48	00	1252	-1070	182
2013	03	17	06	49	00	1251	-1039	212
2013	03	17	06	50	00	1248	-1005	243
2013	03	17	06	51	00	1273	-1043	230
2013	03	17	06	52	00	1273	-1048	225
2013	03	17	06	53	00	1271	-1053	219
2013	03	17	06	54	00	1263	-1055	208
2013	03	17	06	55	00	1296	-1059	237
2013	03	17	06	56	00	1343	-1075	268
2013	03	17	06	57	00	1349	-1062	287
2013	03	17	06	58	00	1378	-1055	323
2013	03	17	06	59	00	1389	-1064	324
2013	03	17	07	00	00	1449	-1114	335
2013	03	17	07	01	00	1646	-1291	355
2013	03	17	07	02	00	1527	-1199	328
2013	03	17	07	03	00	1590	-1250	340
2013	03	17	07	04	00	1664	-1313	352
2013	03	17	07	05	00	1766	-1390	376
2013	03	17	07	06	00	1653	-1259	395
2013	03	17	07	07	00	1623	-1221	402
2013	03	17	07	08	00	1542	-1164	378
2013	03	17	07	09	00	1480	-1098	382
2013	03	17	07	10	00	1464	-1069	396
2013	03	17	07	11	00	1608	-1254	355
2013	03	17	07	12	00	1578	-1228	350
2013	03	17	07	13	00	1654	-1307	347
2013	03	17	07	14	00	1756	-1424	332
2013	03	17	07	15	00	1827	-1487	341
2013	03	17	07	16	00	1728	-1390	337
2013	03	17	07	17	00	1526	-1240	285
2013	03	17	07	18	00	1448	-1207	242
2013	03	17	07	19	00	1464	-1216	248
2013	03	17	07	20	00	1264	-1022	243
2013	03	17	07	21	00	1181	-906	275
2013	03	17	07	22	00	1220	-933	287
2013	03	17	07	23	00	1412	-1045	367
2013	03	17	07	24	00	1457	-1070	387
2013	03	17	07	25	00	1476	-1063	413
2013	03	17	07	26	00	1463	-1068	395
2013	03	17	07	27	00	1392	-1029	362
2013	03	17	07	28	00	1376	-1005	372
2013	03	17	07	29	00	1411	-998	413
2013	03	17	07	30	00	1310	-892	418
2013	03	17	07	31	00	1297	-884	414
2013	03	17	07	32	00	1328	-949	379
2013	03	17	07	33	00	1364	-999	365
2013	03	17	07	34	00	1391	-1050	341
2013	03	17	07	35	00	1344	-1010	334
2013	03	17	07	36	00	1335	-1006	329
2013	03	17	07	37	00	1313	-991	322
2013	03	17	07	38	00	1248	-919	329
2013	03	17	07	39	00	1084	-764	320
2013	03	17	07	40	00	1103	-816	287
2013	03	17	07	41	00	1225	-948	276
2013	03	17	07	42	00	1344	-1021	323
2013	03	17	07	43	00	1409	-1078	331
2013	03	17	07	44	00	1530	-1202	329
2013	03	17	07	45	00	1565	-1260	306
2013	03	17	07	46	00	1523	-1190	333
2013	03	17	07	47	00	1401	-1033	368
2013	03	17	07	48	00	1271	-877	394
2013	03	17	07	49	00	1127	-722	405
2013	03	17	07	50	00	1082	-704	378
2013	03	17	07	51	00	1068	-734	333
2013	03	17	07	52	00	1148	-780	367
2013	03	17	07	53	00	1172	-785	386
2013	03	17	07	54	00	1119	-744	375
2013	03	17	07	55	00	1028	-655	373
2013	03	17	07	56	00	1039	-674	366
2013	03	17	07	57	00	1090	-697	393
2013	03	17	07	58	00	1093	-710	383
2013	03	17	07	59	00	1173	-818	356
2013	03	17	08	00	00	1260	-910	351
2013	03	17	08	01	00	1401	-1020	381
2013	03	17	08	02	00	1507	-1116	391
2013	03	17	08	03	00	1436	-1075	361
2013	03	17	08	04	00	1461	-1069	392
2013	03	17	08	05	00	1461	-1062	399
2013	03	17	08	06	00	1396	-1056	340
2013	03	17	08	07	00	1262	-905	357
2013	03	17	08	08	00	1325	-943	382
2013	03	17	08	09	00	1350	-958	392
2013	03	17	08	10	00	1283	-904	379
2013	03	17	08	11	00	1334	-959	375
2013	03	17	08	12	00	1360	-993	367
2013	03	17	08	13	00	1320	-954	366
2013	03	17	08	14	00	1348	-993	356
2013	03	17	08	15	00	1366	-1004	362
2013	03	17	08	16	00	1307	-927	380
2013	03	17	08	17	00	1251	-856	395
2013	03	17	08	18	00	1215	-824	391
2013	03	17	08	19	00	1217	-837	380
2013	03	17	08	20	00	1287	-895	393
2013	03	17	08	21	00	1346	-941	405
2013	03	17	08	22	00	1398	-1031	367
2013	03	17	08	23	00	1457	-1094	363
2013	03	17	08	24	00	1399	-1069	329
2013	03	17	08	25	00	1385	-1032	352
2013	03	17	08	26	00	1300	-928	373
2013	03	17	08	27	00	1287	-912	376
2013	03	17	08	28	00	1380	-970	410
2013	03	17	08	29	00	1415	-1037	378
2013	03	17	08	30	00	1390	-1043	347
2013	03	17	08	31	00	1425	-1084	340
2013	03	17	08	32	00	1456	-1135	321
2013	03	17	08	33	00	1327	-1014	313
2013	03	17	08	34	00	1340	-1027	313
2013	03	17	08	35	00	1192	-893	299
2013	03	17	08	36	00	1146	-854	292
2013	03	17	08	37	00	1163	-874	289
2013	03	17	08	38	00	1089	-818	270
2013	03	17	08	39	00	983	-711	272
2013	03	17	08	40	00	1015	-745	270
2013	03	17	08	41	00	1029	-778	251
2013	03	17	08	42	00	999	-769	229
2013	03	17	08	43	00	1074	-871	203
2013	03	17	08	44	00	1003	-810	194
2013	03	17	08	45	00	972	-783	189
2013	03	17	08	46	00	846	-664	182
2013	03	17	08	47	00	881	-704	177
2013	03	17	08	48	00	865	-711	154
2013	03	17	08	49	00	902	-755	147
2013	03	17	08	50	00	939	-754	185
2013	03	17	08	51	00	966	-694	272
2013	03	17	08	52	00	1039	-743	296
2013	03	17	08	53	00	1072	-748	324
2013	03	17	08	54	00	1026	-693	333
2013	03	17	08	55	00	1041	-700	341
2013	03	17	08	56	00	1076	-733	343
2013	03	17	08	57	00	1083	-746	337
2013	03	17	08	58	00	1076	-799	277
2013	03	17	08	59	00	955	-709	246
2013	03	17	09	00	00	888	-680	208
2013	03	17	09	01	00	863	-676	187
2013	03	17	09	02	00	839	-667	172
2013	03	17	09	03	00	818	-655	163
2013	03	17	09	04	00	921	-726	196
2013	03	17	09	05	00	1215	-1001	213
2013	03	17	09	06	00	1008	-796	212
2013	03	17	09	07	00	971	-746	225
2013	03	17	09	08	00	939	-696	243
2013	03	17	09	09	00	985	-714	271
2013	03	17	09	10	00	999	-703	296
2013	03	17	09	11	00	1055	-746	309
2013	03	17	09	12	00	1099	-770	329
2013	03	17	09	13	00	1094	-742	352
2013	03	17	09	14	00	1093	-735	358
2013	03	17	09	15	00	1063	-726	337
2013	03	17	09	16	00	1075	-739	336
2013	03	17	09	17	00	1087	-742	345
2013	03	17	09	18	00	1102	-753	349
2013	03	17	09	19	00	1071	-722	349
2013	03	17	09	20	00	1224	-859	365
2013	03	17	09	21	00	1268	-914	354
2013	03	17	09	22	00	1284	-921	363
2013	03	17	09	23	00	1318	-929	389
2013	03	17	09	24	00	1294	-880	414
2013	03	17	09	25	00	1266	-840	425
2013	03	17	09	26	00	1243	-788	455
2013	03	17	09	27	00	1133	-703	430
2013	03	17	09	28	00	1103	-642	460
2013	03	17	09	29	00	1120	-642	478
2013	03	17	09	30	00	1113	-643	470
2013	03	17	09	31	00	1105	-647	458
2013	03	17	09	32	00	1063	-643	420
2013	03	17	09	33	00	1015	-626	389
2013	03	17	09	34	00	962	-587	375
2013	03	17	09	35	00	976	-588	388
2013	03	17	09	36	00	977	-565	411
2013	03	17	09	37	00	1011	-578	433
2013	03	17	09	38	00	1109	-641	468
2013	03	17	09	39	00	1144	-666	478
2013	03	17	09	40	00	1140	-686	455
2013	03	17	09	41	00	1127	-679	448
2013	03	17	09	42	00	1175	-714	462
2013	03	17	09	43	00	1160	-691	469
2013	03	17	09	44	00	1146	-678	468
2013	03	17	09	45	00	1229	-776	453
2013	03	17	09	46	00	1356	-933	422
2013	03	17	09	47	00	1377	-962	416
2013	03	17	09	48	00	1350	-929	421
2013	03	17	09	49	00	1349	-922	426
2013	03	17	09	50	00	1380	-977	403
2013	03	17	09	51	00	1365	-953	412
2013	03	17	09	52	00	1338	-900	438
2013	03	17	09	53	00	1226	-809	417
2013	03	17	09	54	00	1121	-746	374
2013	03	17	09	55	00	966	-685	282
2013	03	17	09	56	00	888	-625	264
2013	03	17	09	57	00	960	-663	298
2013	03	17	09	58	00	982	-668	313
2013	03	17	09	59	00	1047	-708	339
2013	03	17	10	00	00	1060	-743	316
2013	03	17	10	01	00	1068	-814	254
2013	03	17	10	02	00	1065	-831	234
2013	03	17	10	03	00	1183	-915	268
2013	03	17	10	04	00	1309	-987	322
2013	03	17	10	05	00	1249	-919	330
2013	03	17	10	06	00	1171	-849	322
2013	03	17	10	07	00	1030	-728	302
2013	03	17	10	08	00	914	-653	261
2013	03	17	10	09	00	854	-630	225
2013	03	17	10	10	00	863	-639	224
2013	03	17	10	11	00	883	-661	221
2013	03	17	10	12	00	925	-701	224
2013	03	17	10	13	00	939	-714	225
2013	03	17	10	14	00	911	-669	242
2013	03	17	10	15	00	935	-671	264
2013	03	17	10	16	00	995	-730	265
2013	03	17	10	17	00	1000	-732	268
2013	03	17	10	18	00	1017	-737	280
2013	03	17	10	19	00	944	-682	262
2013	03	17	10	20	00	828	-614	214
2013	03	17	10	21	00	755	-559	197
2013	03	17	10	22	00	664	-471	193
2013	03	17	10	23	00	609	-422	186
2013	03	17	10	24	00	583	-391	192
2013	03	17	10	25	00	619	-416	203
2013	03	17	10	26	00	684	-452	233
2013	03	17	10	27	00	753	-481	272
2013	03	17	10	28	00	775	-491	284
2013	03	17	10	29	00	779	-492	286
2013	03	17	10	30	00	744	-508	237
2013	03	17	10	31	00	706	-527	179
2013	03	17	10	32	00	693	-524	169
2013	03	17	10	33	00	689	-516	173
2013	03	17	10	34	00	630	-479	151
2013	03	17	10	35	00	565	-423	142
2013	03	17	10	36	00	511	-376	135
2013	03	17	10	37	00	469	-323	146
2013	03	17	10	38	00	452	-290	162
2013	03	17	10	39	00	446	-287	159
2013	03	17	10	40	00	439	-291	148
2013	03	17	10	41	00	463	-299	164
2013	03	17	10	42	00	493	-303	191
2013	03	17	10	43	00	547	-305	242
2013	03	17	10	44	00	591	-305	286
2013	03	17	10	45	00	597	-307	290
2013	03	17	10	46	00	522	-297	225
2013	03	17	10	47	00	507	-288	219
2013	03	17	10	48	00	504	-281	223
2013	03	17	10	49	00	550	-308	242
2013	03	17	10	50	00	578	-319	259
2013	03	17	10	51	00	555	-293	262
2013	03	17	10	52	00	528	-287	240
2013	03	17	10	53	00	521	-295	226
2013	03	17	10	54	00	505	-298	207
2013	03	17	10	55	00	509	-315	194
2013	03	17	10	56	00	499	-306	194
2013	03	17	10	57	00	475	-282	193
2013	03	17	10	58	00	475	-295	180
2013	03	17	10	59	00	464	-309	155
2013	03	17	11	00	00	445	-315	130
2013	03	17	11	01	00	445	-307	138
2013	03	17	11	02	00	473	-317	155
2013	03	17	11	03	00	469	-324	144
2013	03	17	11	04	00	487	-319	168
2013	03	17	11	05	00	493	-322	171
2013	03	17	11	06	00	472	-321	151
2013	03	17	11	07	00	476	-341	135
2013	03	17	11	08	00	461	-339	122
2013	03	17	11	09	00	549	-368	182
2013	03	17	11	10	00	637	-408	229
2013	03	17	11	11	00	659	-416	243
2013	03	17	11	12	00	665	-414	250
2013	03	17	11	13	00	645	-424	221
2013	03	17	11	14	00	692	-452	240
2013	03	17	11	15	00	730	-471	259
2013	03	17	11	16	00	754	-496	258
2013	03	17	11	17	00	770	-516	254
2013	03	17	11	18	00	772	-537	235
2013	03	17	11	19	00	813	-568	245
2013	03	17	11	20	00	850	-599	251
2013	03	17	11	21	00	874	-617	257
2013	03	17	11	22	00	906	-638	268
2013	03	17	11	23	00	946	-673	273
2013	03	17	11	24	00	906	-614	292
2013	03	17	11	25	00	960	-623	337
2013	03	17	11	26	00	961	-624	337
2013	03	17	11	27	00	960	-645	315
2013	03	17	11	28	00	890	-609	281
2013	03	17	11	29	00	918	-596	322
2013	03	17	11	30	00	930	-604	326
2013	03	17	11	31	00	906	-631	275
2013	03	17	11	32	00	895	-652	242
2013	03	17	11	33	00	929	-709	220
2013	03	17	11	34	00	954	-748	206
2013	03	17	11	35	00	969	-762	207
2013	03	17	11	36	00	964	-748	216
2013	03	17	11	37	00	916	-711	205
2013	03	17	11	38	00	896	-699	197
2013	03	17	11	39	00	829	-633	195
2013	03	17	11	40	00	830	-636	193
2013	03	17	11	41	00	843	-627	215
2013	03	17	11	42	00	895	-684	211
2013	03	17	11	43	00	995	-772	222
2013	03	17	11	44	00	1021	-802	219
2013	03	17	11	45	00	1080	-893	187
2013	03	17	11	46	00	1056	-875	181
2013	03	17	11	47	00	1025	-810	216
2013	03	17	11	48	00	1027	-831	196
2013	03	17	11	49	00	965	-800	165
2013	03	17	11	50	00	930	-763	168
2013	03	17	11	51	00	876	-717	159
2013	03	17	11	52	00	894	-737	156
2013	03	17	11	53	00	942	-771	171
2013	03	17	11	54	00	998	-820	179
2013	03	17	11	55	00	960	-785	175
2013	03	17	11	56	00	942	-777	165
2013	03	17	11	57	00	887	-733	154
2013	03	17	11	58	00	841	-700	141
2013	03	17	11	59	00	842	-705	136
2013	03	17	12	00	00	942	-802	140
2013	03	17	12	01	00	955	-805	150
2013	03	17	12	02	00	1087	-921	166
2013	03	17	12	03	00	1169	-994	175
2013	03	17	12	04	00	1142	-965	177
2013	03	17	12	05	00	1095	-919	176
2013	03	17	12	06	00	1102	-924	178
2013	03	17	12	07	00	1140	-951	189
2013	03	17	12	08	00	1148	-955	193
2013	03	17	12	09	00	1151	-963	188
2013	03	17	12	10	00	1210	-1017	193
2013	03	17	12	11	00	1263	-1050	213
2013	03	17	12	12	00	1270	-1033	237
2013	03	17	12	13	00	1296	-1053	242
2013	03	17	12	14	00	1265	-1030	234
2013	03	17	12	15	00	1279	-1039	240
2013	03	17	12	16	00	1429	-1199	229
2013	03	17	12	17	00	1555	-1320	235
2013	03	17	12	18	00	1493	-1282	210
2013	03	17	12	19	00	1504	-1280	224
2013	03	17	12	20	00	1500	-1239	261
2013	03	17	12	21	00	1435	-1149	285
2013	03	17	12	22	00	1282	-1028	253
2013	03	17	12	23	00	1154	-910	245
2013	03	17	12	24	00	1173	-931	242
2013	03	17	12	25	00	1197	-932	266
2013	03	17	12	26	00	1159	-896	263
2013	03	17	12	27	00	1230	-959	271
2013	03	17	12	28	00	1169	-856	313
2013	03	17	12	29	00	1190	-834	356
2013	03	17	12	30	00	1185	-822	362
2013	03	17	12	31	00	1158	-787	372
2013	03	17	12	32	00	1121	-680	441
2013	03	17	12	33	00	1151	-781	370
2013	03	17	12	34	00	1167	-787	380
2013	03	17	12	35	00	1171	-787	384
2013	03	17	12	36	00	1146	-767	380
2013	03	17	12	37	00	1138	-772	366
2013	03	17	12	38	00	1262	-849	413
2013	03	17	12	39	00	1207	-780	427
2013	03	17	12	40	00	1213	-784	429
2013	03	17	12	41	00	1217	-822	395
2013	03	17	12	42	00	1209	-859	350
2013	03	17	12	43	00	1150	-731	420
2013	03	17	12	44	00	1126	-684	441
2013	03	17	12	45	00	1152	-719	432
2013	03	17	12	46	00	1250	-817	432
2013	03	17	12	47	00	1185	-746	439
2013	03	17	12	48	00	1263	-806	456
2013	03	17	12	49	00	1346	-891	454
2013	03	17	12	50	00	1378	-929	449
2013	03	17	12	51	00	1247	-883	365
2013	03	17	12	52	00	1186	-855	331
2013	03	17	12	53	00	1119	-778	341
2013	03	17	12	54	00	1025	-724	301
2013	03	17	12	55	00	963	-666	296
2013	03	17	12	56	00	976	-674	301
2013	03	17	12	57	00	908	-608	300
2013	03	17	12	58	00	915	-600	315
2013	03	17	12	59	00	904	-589	315
2013	03	17	13	00	00	878	-571	307
2013	03	17	13	01	00	850	-552	299
2013	03	17	13	02	00	838	-532	306
2013	03	17	13	03	00	834	-520	314
2013	03	17	13	04	00	808	-493	314
2013	03	17	13	05	00	805	-504	301
2013	03	17	13	06	00	747	-472	275
2013	03	17	13	07	00	790	-520	269
2013	03	17	13	08	00	783	-524	259
2013	03	17	13	09	00	789	-513	276
2013	03	17	13	10	00	816	-536	280
2013	03	17	13	11	00	809	-530	280
2013	03	17	13	12	00	752	-494	258
2013	03	17	13	13	00	727	-477	250
2013	03	17	13	14	00	694	-449	245
2013	03	17	13	15	00	672	-419	253
2013	03	17	13	16	00	638	-389	249
2013	03	17	13	17	00	626	-387	240
2013	03	17	13	18	00	622	-391	231
2013	03	17	13	19	00	643	-406	237
2013	03	17	13	20	00	649	-411	238
2013	03	17	13	21	00	631	-401	230
2013	03	17	13	22	00	585	-379	206
2013	03	17	13	23	00	549	-354	196
2013	03	17	13	24	00	533	-346	187
2013	03	17	13	25	00	535	-337	198
2013	03	17	13	26	00	519	-326	193
2013	03	17	13	27	00	510	-320	190
2013	03	17	13	28	00	537	-334	203
2013	03	17	13	29	00	557	-333	224
2013	03	17	13	30	00	563	-315	248
2013	03	17	13	31	00	533	-290	243
2013	03	17	13	32	00	571	-348	223
2013	03	17	13	33	00	611	-390	222
2013	03	17	13	34	00	586	-362	224
2013	03	17	13	35	00	553	-312	241
2013	03	17	13	36	00	562	-288	274
2013	03	17	13	37	00	574	-313	261
2013	03	17	13	38	00	630	-371	259
2013	03	17	13	39	00	687	-425	263
2013	03	17	13	40	00	758	-485	273
2013	03	17	13	41	00	799	-523	277
2013	03	17	13	42	00	850	-544	305
2013	03	17	13	43	00	885	-544	341
2013	03	17	13	44	00	904	-560	344
2013	03	17	13	45	00	913	-581	332
2013	03	17	13	46	00	922	-598	324
2013	03	17	13	47	00	923	-616	307
2013	03	17	13	48	00	953	-634	319
2013	03	17	13	49	00	977	-661	315
2013	03	17	13	50	00	1009	-685	324
2013	03	17	13	51	00	1043	-732	311
2013	03	17	13	52	00	970	-679	290
2013	03	17	13	53	00	929	-637	291
2013	03	17	13	54	00	1011	-727	284
2013	03	17	13	55	00	1052	-763	288
2013	03	17	13	56	00	991	-703	287
2013	03	17	13	57	00	1049	-780	269
2013	03	17	13	58	00	1062	-799	263
2013	03	17	13	59	00	1039	-781	258
2013	03	17	14	00	00	1014	-759	255
2013	03	17	14	01	00	1008	-756	252
2013	03	17	14	02	00	988	-735	253
2013	03	17	14	03	00	1002	-759	243
2013	03	17	14	04	00	1020	-777	243
2013	03	17	14	05	00	1035	-792	244
2013	03	17	14	06	00	1075	-844	231
2013	03	17	14	07	00	1137	-904	232
2013	03	17	14	08	00	1134	-886	247
2013	03	17	14	09	00	1186	-929	256
2013	03	17	14	10	00	1241	-966	274
2013	03	17	14	11	00	1193	-909	284
2013	03	17	14	12	00	1187	-907	280
2013	03	17	14	13	00	1144	-840	305
2013	03	17	14	14	00	1047	-716	331
2013	03	17	14	15	00	1083	-694	389
2013	03	17	14	16	00	1095	-682	413
2013	03	17	14	17	00	1096	-675	421
2013	03	17	14	18	00	1050	-637	413
2013	03	17	14	19	00	1087	-690	397
2013	03	17	14	20	00	1074	-698	376
2013	03	17	14	21	00	1065	-682	383
2013	03	17	14	22	00	950	-562	389
2013	03	17	14	23	00	919	-536	382
2013	03	17	14	24	00	909	-528	381
2013	03	17	14	25	00	920	-540	381
2013	03	17	14	26	00	904	-528	376
2013	03	17	14	27	00	898	-506	393
2013	03	17	14	28	00	883	-513	370
2013	03	17	14	29	00	864	-521	342
2013	03	17	14	30	00	859	-541	318
2013	03	17	14	31	00	830	-540	290
2013	03	17	14	32	00	828	-537	291
2013	03	17	14	33	00	812	-522	291
2013	03	17	14	34	00	806	-529	278
2013	03	17	14	35	00	807	-548	259
2013	03	17	14	36	00	817	-566	251
2013	03	17	14	37	00	782	-555	227
2013	03	17	14	38	00	871	-652	219
2013	03	17	14	39	00	860	-644	216
2013	03	17	14	40	00	769	-554	215
2013	03	17	14	41	00	811	-614	196
2013	03	17	14	42	00	891	-688	204
2013	03	17	14	43	00	795	-593	202
2013	03	17	14	44	00	839	-615	224
2013	03	17	14	45	00	813	-580	233
2013	03	17	14	46	00	831	-613	218
2013	03	17	14	47	00	825	-628	197
2013	03	17	14	48	00	872	-685	187
2013	03	17	14	49	00	909	-716	193
2013	03	17	14	50	00	883	-685	198
2013	03	17	14	51	00	852	-658	195
2013	03	17	14	52	00	960	-757	203
2013	03	17	14	53	00	977	-779	198
2013	03	17	14	54	00	1015	-817	199
2013	03	17	14	55	00	1065	-857	208
2013	03	17	14	56	00	1039	-827	212
2013	03	17	14	57	00	984	-761	223
2013	03	17	14	58	00	931	-697	234
2013	03	17	14	59	00	835	-602	233
2013	03	17	15	00	00	859	-623	236
2013	03	17	15	01	00	862	-620	242
2013	03	17	15	02	00	954	-700	253
2013	03	17	15	03	00	962	-692	270
2013	03	17	15	04	00	983	-703	281
2013	03	17	15	05	00	986	-704	282
2013	03	17	15	06	00	963	-685	278
2013	03	17	15	07	00	926	-647	279
2013	03	17	15	08	00	840	-556	284
2013	03	17	15	09	00	772	-480	292
2013	03	17	15	10	00	765	-464	301
2013	03	17	15	11	00	815	-505	309
2013	03	17	15	12	00	822	-521	302
2013	03	17	15	13	00	843	-532	312
2013	03	17	15	14	00	851	-536	315
2013	03	17	15	15	00	857	-541	316
2013	03	17	15	16	00	872	-569	303
2013	03	17	15	17	00	868	-576	292
2013	03	17	15	18	00	857	-563	294
2013	03	17	15	19	00	815	-536	280
2013	03	17	15	20	00	819	-539	280
2013	03	17	15	21	00	810	-533	277
2013	03	17	15	22	00	807	-522	285
2013	03	17	15	23	00	794	-510	284
2013	03	17	15	24	00	807	-516	290
2013	03	17	15	25	00	840	-539	301
2013	03	17	15	26	00	827	-523	304
2013	03	17	15	27	00	868	-556	312
2013	03	17	15	28	00	897	-575	322
2013	03	17	15	29	00	928	-607	321
2013	03	17	15	30	00	1068	-721	347
2013	03	17	15	31	00	1105	-752	353
2013	03	17	15	32	00	1100	-732	368
2013	03	17	15	33	00	1109	-734	375
2013	03	17	15	34	00	1118	-772	346
2013	03	17	15	35	00	1116	-796	320
2013	03	17	15	36	00	1124	-799	325
2013	03	17	15	37	00	1152	-840	312
2013	03	17	15	38	00	1118	-818	299
2013	03	17	15	39	00	1151	-827	324
2013	03	17	15	40	00	1184	-824	360
2013	03	17	15	41	00	1253	-879	375
2013	03	17	15	42	00	1282	-923	359
2013	03	17	15	43	00	1300	-928	372
2013	03	17	15	44	00	1306	-937	369
2013	03	17	15	45	00	1283	-910	373
2013	03	17	15	46	00	1167	-806	361
2013	03	17	15	47	00	1144	-801	342
2013	03	17	15	48	00	1073	-761	312
2013	03	17	15	49	00	1110	-777	332
2013	03	17	15	50	00	1128	-753	375
2013	03	17	15	51	00	1097	-690	407
2013	03	17	15	52	00	1177	-735	443
2013	03	17	15	53	00	1179	-688	490
2013	03	17	15	54	00	1225	-642	582
2013	03	17	15	55	00	1345	-754	591
2013	03	17	15	56	00	1636	-979	657
2013	03	17	15	57	00	1652	-987	665
2013	03	17	15	58	00	1717	-996	721
2013	03	17	15	59	00	1660	-1005	655
2013	03	17	16	00	00	1477	-891	586
2013	03	17	16	01	00	1550	-962	588
2013	03	17	16	02	00	1556	-970	586
2013	03	17	16	03	00	1512	-1022	489
2013	03	17	16	04	00	1505	-1086	419
2013	03	17	16	05	00	1365	-992	372
2013	03	17	16	06	00	1354	-990	364
2013	03	17	16	07	00	1301	-946	355
2013	03	17	16	08	00	1307	-951	356
2013	03	17	16	09	00	1279	-947	332
2013	03	17	16	10	00	1366	-1065	301
2013	03	17	16	11	00	1242	-977	265
2013	03	17	16	12	00	1260	-941	319
2013	03	17	16	13	00	1264	-948	315
2013	03	17	16	14	00	1324	-1019	304
2013	03	17	16	15	00	1365	-1069	296
2013	03	17	16	16	00	1358	-1021	337
2013	03	17	16	17	00	1359	-1021	338
2013	03	17	16	18	00	1506	-1123	383
2013	03	17	16	19	00	1604	-1213	391
2013	03	17	16	20	00	1837	-1406	431
2013	03	17	16	21	00	2010	-1568	442
2013	03	17	16	22	00	1988	-1557	432
2013	03	17	16	23	00	2108	-1656	451
2013	03	17	16	24	00	2103	-1654	449
2013	03	17	16	25	00	2027	-1593	434
2013	03	17	16	26	00	2078	-1663	415
2013	03	17	16	27	00	2282	-1861	421
2013	03	17	16	28	00	2416	-1989	427
2013	03	17	16	29	00	2365	-1942	422
2013	03	17	16	30	00	2311	-1875	436
2013	03	17	16	31	00	2346	-1867	479
2013	03	17	16	32	00	2227	-1723	504
2013	03	17	16	33	00	2393	-1892	501
2013	03	17	16	34	00	2431	-1942	489
2013	03	17	16	35	00	2181	-1686	495
2013	03	17	16	36	00	2039	-1541	498
2013	03	17	16	37	00	1905	-1386	519
2013	03	17	16	38	00	1857	-1339	518
2013	03	17	16	39	00	1924	-1386	538
2013	03	17	16	40	00	1911	-1366	545
2013	03	17	16	41	00	2336	-1801	535
2013	03	17	16	42	00	2309	-1790	519
2013	03	17	16	43	00	2263	-1740	523
2013	03	17	16	44	00	2539	-2022	516
2013	03	17	16	45	00	2686	-2172	514
2013	03	17	16	46	00	2380	-1893	487
2013	03	17	16	47	00	2187	-1732	455
2013	03	17	16	48	00	1865	-1416	449
2013	03	17	16	49	00	1859	-1414	445
2013	03	17	16	50	00	1952	-1512	440
2013	03	17	16	51	00	2028	-1599	429
2013	03	17	16	52	00	2251	-1826	425
2013	03	17	16	53	00	2276	-1850	426
2013	03	17	16	54	00	2267	-1823	444
2013	03	17	16	55	00	2217	-1760	457
2013	03	17	16	56	00	2128	-1660	469
2013	03	17	16	57	00	1974	-1494	480
2013	03	17	16	58	00	1821	-1358	463
2013	03	17	16	59	00	1948	-1501	447
2013	03	17	17	00	00	1876	-1462	414
2013	03	17	17	01	00	1839	-1453	386
2013	03	17	17	02	00	1952	-1566	386
2013	03	17	17	03	00	2110	-1713	397
2013	03	17	17	04	00	2148	-1727	421
2013	03	17	17	05	00	1991	-1574	417
2013	03	17	17	06	00	1898	-1497	400
2013	03	17	17	07	00	1996	-1609	387
2013	03	17	17	08	00	2107	-1718	389
2013	03	17	17	09	00	2193	-1807	386
2013	03	17	17	10	00	1968	-1583	385
2013	03	17	17	11	00	1782	-1407	376
2013	03	17	17	12	00	1552	-1178	374
2013	03	17	17	13	00	1521	-1162	360
2013	03	17	17	14	00	1636	-1279	357
2013	03	17	17	15	00	1600	-1247	353
2013	03	17	17	16	00	1654	-1310	344
2013	03	17	17	17	00	1710	-1366	344
2013	03	17	17	18	00	1775	-1438	337
2013	03	17	17	19	00	1838	-1486	352
2013	03	17	17	20	00	1911	-1549	362
2013	03	17	17	21	00	1946	-1591	355
2013	03	17	17	22	00	1990	-1627	363
2013	03	17	17	23	00	1985	-1623	362
2013	03	17	17	24	00	1955	-1606	349
2013	03	17	17	25	00	1981	-1637	344
2013	03	17	17	26	00	1945	-1592	354
2013	03	17	17	27	00	1887	-1540	348
2013	03	17	17	28	00	1869	-1527	343
2013	03	17	17	29	00	1914	-1563	351
2013	03	17	17	30	00	1912	-1564	348
2013	03	17	17	31	00	1878	-1563	314
2013	03	17	17	32	00	1753	-1482	271
2013	03	17	17	33	00	1887	-1614	273
2013	03	17	17	34	00	1990	-1694	296
2013	03	17	17	35	00	1932	-1627	306
2013	03	17	17	36	00	1889	-1566	324
2013	03	17	17	37	00	1820	-1476	344
2013	03	17	17	38	00	1950	-1602	348
2013	03	17	17	39	00	1932	-1584	349
2013	03	17	17	40	00	1822	-1483	339
2013	03	17	17	41	00	1677	-1341	337
2013	03	17	17	42	00	1446	-1114	332
2013	03	17	17	43	00	1395	-1083	312
2013	03	17	17	44	00	1262	-970	292
2013	03	17	17	45	00	1306	-1024	281
2013	03	17	17	46	00	1334	-1051	283
2013	03	17	17	47	00	1420	-1132	288
2013	03	17	17	48	00	1313	-1024	288
2013	03	17	17	49	00	1309	-1014	296
2013	03	17	17	50	00	1218	-927	291
2013	03	17	17	51	00	1100	-817	283
2013	03	17	17	52	00	1188	-889	299
2013	03	17	17	53	00	1314	-990	324
2013	03	17	17	54	00	1158	-834	324
2013	03	17	17	55	00	1197	-884	313
2013	03	17	17	56	00	1147	-838	309
2013	03	17	17	57	00	1210	-889	321
2013	03	17	17	58	00	1229	-895	334
2013	03	17	17	59	00	1232	-911	321
2013	03	17	18	00	00	1281	-989	292
2013	03	17	18	01	00	1210	-939	271
2013	03	17	18	02	00	1070	-771	298
2013	03	17	18	03	00	1089	-709	380
2013	03	17	18	04	00	1035	-708	327
2013	03	17	18	05	00	772	-685	86
2013	03	17	18	06	00	735	-646	89
2013	03	17	18	07	00	783	-691	92
2013	03	17	18	08	00	805	-690	115
2013	03	17	18	09	00	780	-680	100
2013	03	17	18	10	00	786	-672	114
2013	03	17	18	11	00	859	-730	129
2013	03	17	18	12	00	943	-790	153
2013	03	17	18	13	00	999	-831	169
2013	03	17	18	14	00	1046	-862	184
2013	03	17	18	15	00	1051	-871	180
2013	03	17	18	16	00	1096	-888	209
2013	03	17	18	17	00	1096	-846	250
2013	03	17	18	18	00	1015	-763	252
2013	03	17	18	19	00	985	-750	235
2013	03	17	18	20	00	995	-811	185
2013	03	17	18	21	00	1075	-873	202
2013	03	17	18	22	00	1119	-925	194
2013	03	17	18	23	00	1043	-881	162
2013	03	17	18	24	00	1150	-956	194
2013	03	17	18	25	00	1214	-1003	211
2013	03	17	18	26	00	1176	-973	203
2013	03	17	18	27	00	1098	-884	214
2013	03	17	18	28	00	968	-850	119
2013	03	17	18	29	00	959	-852	107
2013	03	17	18	30	00	997	-882	116
2013	03	17	18	31	00	1055	-902	153
2013	03	17	18	32	00	1034	-898	136
2013	03	17	18	33	00	1060	-947	113
2013	03	17	18	34	00	1099	-968	131
2013	03	17	18	35	00	1187	-985	202
2013	03	17	18	36	00	1253	-1038	215
2013	03	17	18	37	00	1376	-1147	229
2013	03	17	18	38	00	1557	-1340	217
2013	03	17	18	39	00	1658	-1438	220
2013	03	17	18	40	00	1598	-1382	216
2013	03	17	18	41	00	1340	-1159	181
2013	03	17	18	42	00	1089	-895	194
2013	03	17	18	43	00	1099	-925	174
2013	03	17	18	44	00	1018	-848	170
2013	03	17	18	45	00	946	-774	172
2013	03	17	18	46	00	1040	-824	216
2013	03	17	18	47	00	1054	-848	206
2013	03	17	18	48	00	995	-814	181
2013	03	17	18	49	00	922	-781	140
2013	03	17	18	50	00	939	-776	163
2013	03	17	18	51	00	953	-778	175
2013	03	17	18	52	00	1000	-844	156
2013	03	17	18	53	00	1073	-900	173
2013	03	17	18	54	00	1195	-1005	190
2013	03	17	18	55	00	1564	-1350	214
2013	03	17	18	56	00	1531	-1274	257
2013	03	17	18	57	00	1361	-1052	309
2013	03	17	18	58	00	1148	-844	304
2013	03	17	18	59	00	1181	-903	278
2013	03	17	19	00	00	1232	-962	271
2013	03	17	19	01	00	1243	-1020	223
2013	03	17	19	02	00	1290	-1071	220
2013	03	17	19	03	00	1272	-1060	211
2013	03	17	19	04	00	1382	-1170	211
2013	03	17	19	05	00	1432	-1225	207
2013	03	17	19	06	00	1383	-1185	198
2013	03	17	19	07	00	1293	-1082	212
2013	03	17	19	08	00	1207	-987	220
2013	03	17	19	09	00	1172	-987	185
2013	03	17	19	10	00	1031	-890	140
2013	03	17	19	11	00	1078	-925	154
2013	03	17	19	12	00	1132	-968	164
2013	03	17	19	13	00	1065	-908	157
2013	03	17	19	14	00	988	-836	152
2013	03	17	19	15	00	1078	-917	161
2013	03	17	19	16	00	1142	-970	171
2013	03	17	19	17	00	1080	-903	176
2013	03	17	19	18	00	1009	-813	196
2013	03	17	19	19	00	951	-764	187
2013	03	17	19	20	00	1029	-866	163
2013	03	17	19	21	00	907	-759	147
2013	03	17	19	22	00	825	-687	139
2013	03	17	19	23	00	716	-600	116
2013	03	17	19	24	00	848	-743	105
2013	03	17	19	25	00	932	-814	119
2013	03	17	19	26	00	954	-819	136
2013	03	17	19	27	00	879	-737	142
2013	03	17	19	28	00	852	-723	129
2013	03	17	19	29	00	836	-718	118
2013	03	17	19	30	00	869	-747	121
2013	03	17	19	31	00	852	-726	125
2013	03	17	19	32	00	907	-773	134
2013	03	17	19	33	00	898	-764	134
2013	03	17	19	34	00	899	-758	142
2013	03	17	19	35	00	1011	-870	141
2013	03	17	19	36	00	1021	-892	129
2013	03	17	19	37	00	1080	-948	132
2013	03	17	19	38	00	1040	-903	137
2013	03	17	19	39	00	1023	-884	139
2013	03	17	19	40	00	925	-774	151
2013	03	17	19	41	00	993	-827	166
2013	03	17	19	42	00	1050	-881	168
2013	03	17	19	43	00	1090	-927	163
2013	03	17	19	44	00	1148	-990	159
2013	03	17	19	45	00	1266	-1098	168
2013	03	17	19	46	00	1288	-1116	173
2013	03	17	19	47	00	1209	-1040	168
2013	03	17	19	48	00	1231	-1075	156
2013	03	17	19	49	00	1232	-1075	156
2013	03	17	19	50	00	1236	-1069	167
2013	03	17	19	51	00	1230	-1060	170
2013	03	17	19	52	00	1268	-1093	175
2013	03	17	19	53	00	1307	-1138	170
2013	03	17	19	54	00	1255	-1083	172
2013	03	17	19	55	00	1178	-983	196
2013	03	17	19	56	00	1139	-914	225
2013	03	17	19	57	00	1165	-932	233
2013	03	17	19	58	00	1122	-898	224
2013	03	17	19	59	00	1107	-887	220
2013	03	17	20	00	00	1211	-986	224
2013	03	17	20	01	00	1169	-937	232
2013	03	17	20	02	00	1103	-883	220
2013	03	17	20	03	00	1085	-881	205
2013	03	17	20	04	00	1082	-882	200
2013	03	17	20	05	00	1039	-837	203
2013	03	17	20	06	00	1153	-962	191
2013	03	17	20	07	00	1249	-1069	180
2013	03	17	20	08	00	1252	-1074	178
2013	03	17	20	09	00	1250	-1071	179
2013	03	17	20	10	00	1164	-987	177
2013	03	17	20	11	00	1130	-950	179
2013	03	17	20	12	00	1033	-864	169
2013	03	17	20	13	00	957	-785	172
2013	03	17	20	14	00	853	-674	179
2013	03	17	20	15	00	909	-722	187
2013	03	17	20	16	00	961	-779	182
2013	03	17	20	17	00	995	-813	181
2013	03	17	20	18	00	1024	-843	181
2013	03	17	20	19	00	1159	-980	179
2013	03	17	20	20	00	1282	-1090	191
2013	03	17	20	21	00	1392	-1208	184
2013	03	17	20	22	00	1542	-1357	185
2013	03	17	20	23	00	1555	-1368	188
2013	03	17	20	24	00	1558	-1360	198
2013	03	17	20	25	00	1595	-1379	216
2013	03	17	20	26	00	1549	-1313	236
2013	03	17	20	27	00	1421	-1163	258
2013	03	17	20	28	00	1251	-981	269
2013	03	17	20	29	00	1150	-896	254
2013	03	17	20	30	00	1195	-971	224
2013	03	17	20	31	00	1155	-947	208
2013	03	17	20	32	00	1008	-801	207
2013	03	17	20	33	00	801	-591	211
2013	03	17	20	34	00	732	-519	214
2013	03	17	20	35	00	707	-494	213
2013	03	17	20	36	00	710	-500	211
2013	03	17	20	37	00	701	-496	205
2013	03	17	20	38	00	653	-459	195
2013	03	17	20	39	00	591	-398	193
2013	03	17	20	40	00	592	-390	202
2013	03	17	20	41	00	601	-388	213
2013	03	17	20	42	00	595	-373	222
2013	03	17	20	43	00	616	-373	243
2013	03	17	20	44	00	640	-384	256
2013	03	17	20	45	00	667	-405	262
2013	03	17	20	46	00	676	-430	246
2013	03	17	20	47	00	653	-431	222
2013	03	17	20	48	00	680	-462	218
2013	03	17	20	49	00	708	-484	224
2013	03	17	20	50	00	702	-474	228
2013	03	17	20	51	00	704	-484	220
2013	03	17	20	52	00	723	-519	204
2013	03	17	20	53	00	728	-524	203
2013	03	17	20	54	00	733	-528	206
2013	03	17	20	55	00	733	-519	213
2013	03	17	20	56	00	748	-532	216
2013	03	17	20	57	00	777	-551	226
2013	03	17	20	58	00	806	-575	230
2013	03	17	20	59	00	795	-565	230
2013	03	17	21	00	00	848	-607	240
2013	03	17	21	01	00	849	-595	254
2013	03	17	21	02	00	839	-576	263
2013	03	17	21	03	00	797	-538	259
2013	03	17	21	04	00	790	-522	268
2013	03	17	21	05	00	788	-530	258
2013	03	17	21	06	00	783	-534	250
2013	03	17	21	07	00	738	-486	252
2013	03	17	21	08	00	690	-448	242
2013	03	17	21	09	00	716	-475	241
2013	03	17	21	10	00	767	-514	253
2013	03	17	21	11	00	840	-580	260
2013	03	17	21	12	00	897	-651	247
2013	03	17	21	13	00	972	-734	238
2013	03	17	21	14	00	1033	-790	243
2013	03	17	21	15	00	1029	-790	239
2013	03	17	21	16	00	991	-761	231
2013	03	17	21	17	00	992	-763	229
2013	03	17	21	18	00	968	-743	225
2013	03	17	21	19	00	970	-744	226
2013	03	17	21	20	00	961	-738	223
2013	03	17	21	21	00	898	-679	219
2013	03	17	21	22	00	867	-645	223
2013	03	17	21	23	00	970	-742	228
2013	03	17	21	24	00	798	-564	235
2013	03	17	21	25	00	782	-548	234
2013	03	17	21	26	00	791	-564	227
2013	03	17	21	27	00	861	-626	234
2013	03	17	21	28	00	903	-659	244
2013	03	17	21	29	00	870	-628	242
2013	03	17	21	30	00	916	-676	240
2013	03	17	21	31	00	858	-621	237
2013	03	17	21	32	00	849	-614	234
2013	03	17	21	33	00	848	-622	226
2013	03	17	21	34	00	875	-656	219
2013	03	17	21	35	00	896	-672	224
2013	03	17	21	36	00	914	-690	224
2013	03	17	21	37	00	959	-729	230
2013	03	17	21	38	00	936	-709	226
2013	03	17	21	39	00	909	-683	225
2013	03	17	21	40	00	914	-677	236
2013	03	17	21	41	00	891	-653	239
2013	03	17	21	42	00	876	-647	229
2013	03	17	21	43	00	847	-628	220
2013	03	17	21	44	00	844	-626	218
2013	03	17	21	45	00	866	-645	220
2013	03	17	21	46	00	820	-605	215
2013	03	17	21	47	00	807	-590	217
2013	03	17	21	48	00	770	-553	218
2013	03	17	21	49	00	737	-511	226
2013	03	17	21	50	00	743	-513	230
2013	03	17	21	51	00	704	-470	234
2013	03	17	21	52	00	717	-481	237
2013	03	17	21	53	00	771	-526	244
2013	03	17	21	54	00	724	-477	247
2013	03	17	21	55	00	669	-430	239
2013	03	17	21	56	00	675	-439	236
2013	03	17	21	57	00	660	-433	227
2013	03	17	21	58	00	658	-432	226
2013	03	17	21	59	00	698	-471	226
2013	03	17	22	00	00	714	-488	226
2013	03	17	22	01	00	758	-534	224
2013	03	17	22	02	00	798	-574	224
2013	03	17	22	03	00	812	-580	232
2013	03	17	22	04	00	774	-550	224
2013	03	17	22	05	00	687	-473	213
2013	03	17	22	06	00	656	-445	211
2013	03	17	22	07	00	679	-467	212
2013	03	17	22	08	00	695	-487	208
2013	03	17	22	09	00	704	-497	206
2013	03	17	22	10	00	661	-444	217
2013	03	17	22	11	00	704	-480	224
2013	03	17	22	12	00	733	-498	235
2013	03	17	22	13	00	761	-507	253
2013	03	17	22	14	00	830	-570	260
2013	03	17	22	15	00	918	-652	265
2013	03	17	22	16	00	978	-694	284
2013	03	17	22	17	00	1050	-761	289
2013	03	17	22	18	00	1110	-816	294
2013	03	17	22	19	00	1105	-797	308
2013	03	17	22	20	00	1103	-772	331
2013	03	17	22	21	00	1172	-828	344
2013	03	17	22	22	00	1226	-884	342
2013	03	17	22	23	00	1250	-927	323
2013	03	17	22	24	00	1252	-933	319
2013	03	17	22	25	00	1213	-887	326
2013	03	17	22	26	00	1191	-838	353
2013	03	17	22	27	00	1204	-822	382
2013	03	17	22	28	00	1235	-834	401
2013	03	17	22	29	00	1190	-803	387
2013	03	17	22	30	00	1125	-772	353
2013	03	17	22	31	00	1095	-751	344
2013	03	17	22	32	00	1108	-774	334
2013	03	17	22	33	00	1016	-699	316
2013	03	17	22	34	00	971	-642	328
2013	03	17	22	35	00	922	-575	347
2013	03	17	22	36	00	878	-521	357
2013	03	17	22	37	00	884	-532	352
2013	03	17	22	38	00	895	-531	365
2013	03	17	22	39	00	891	-534	356
2013	03	17	22	40	00	854	-514	340
2013	03	17	22	41	00	816	-490	326
2013	03	17	22	42	00	815	-494	321
2013	03	17	22	43	00	828	-496	332
2013	03	17	22	44	00	850	-511	339
2013	03	17	22	45	00	873	-539	334
2013	03	17	22	46	00	885	-563	321
2013	03	17	22	47	00	872	-576	296
2013	03	17	22	48	00	887	-609	278
2013	03	17	22	49	00	876	-624	252
2013	03	17	22	50	00	895	-656	239
2013	03	17	22	51	00	872	-629	243
2013	03	17	22	52	00	878	-632	247
2013	03	17	22	53	00	784	-537	247
2013	03	17	22	54	00	806	-547	259
2013	03	17	22	55	00	821	-585	236
2013	03	17	22	56	00	771	-552	219
2013	03	17	22	57	00	771	-538	234
2013	03	17	22	58	00	803	-543	259
2013	03	17	22	59	00	820	-577	243
2013	03	17	23	00	00	843	-608	235
2013	03	17	23	01	00	797	-573	225
2013	03	17	23	02	00	771	-519	252
2013	03	17	23	03	00	803	-545	258
2013	03	17	23	04	00	867	-559	308
2013	03	17	23	05	00	853	-557	296
2013	03	17	23	06	00	799	-511	288
2013	03	17	23	07	00	794	-532	262
2013	03	17	23	08	00	787	-531	256
2013	03	17	23	09	00	781	-506	275
2013	03	17	23	10	00	778	-482	296
2013	03	17	23	11	00	744	-436	308
2013	03	17	23	12	00	699	-405	294
2013	03	17	23	13	00	652	-389	263
2013	03	17	23	14	00	652	-394	258
2013	03	17	23	15	00	631	-385	246
2013	03	17	23	16	00	615	-371	243
2013	03	17	23	17	00	618	-355	263
2013	03	17	23	18	00	606	-348	258
2013	03	17	23	19	00	589	-327	263
2013	03	17	23	20	00	568	-318	250
2013	03	17	23	21	00	559	-314	245
2013	03	17	23	22	00	568	-314	254
2013	03	17	23	23	00	569	-324	245
2013	03	17	23	24	00	602	-354	248
2013	03	17	23	25	00	620	-384	235
2013	03	17	23	26	00	582	-368	214
2013	03	17	23	27	00	530	-335	195
2013	03	17	23	28	00	484	-299	185
2013	03	17	23	29	00	502	-334	168
2013	03	17	23	30	00	510	-359	151
2013	03	17	23	31	00	462	-311	151
2013	03	17	23	32	00	426	-265	161
2013	03	17	23	33	00	418	-260	158
2013	03	17	23	34	00	407	-251	157
2013	03	17	23	35	00	374	-245	129
2013	03	17	23	36	00	369	-246	122
2013	03	17	23	37	00	366	-246	120
2013	03	17	23	38	00	376	-250	126
2013	03	17	23	39	00	391	-250	141
2013	03	17	23	40	00	369	-236	133
2013	03	17	23	41	00	337	-219	118
2013	03	17	23	42	00	322	-215	107
2013	03	17	23	43	00	319	-219	100
2013	03	17	23	44	00	307	-211	96
2013	03	17	23	45	00	302	-206	96
2013	03	17	23	46	00	302	-203	100
2013	03	17	23	47	00	310	-202	107
2013	03	17	23	48	00	308	-194	114
2013	03	17	23	49	00	302	-183	120
2013	03	17	23	50	00	297	-176	121
2013	03	17	23	51	00	292	-173	120
2013	03	17	23	52	00	310	-191	119
2013	03	17	23	53	00	336	-217	119
2013	03	17	23	54	00	333	-209	124
2013	03	17	23	55	00	321	-193	128
2013	03	17	23	56	00	308	-180	128
2013	03	17	23	57	00	278	-161	117
2013	03	17	23	58	00	253	-142	111
2013	03	17	23	59	00	248	-139	109